-1.145257154540875975e-03
-4.008414857291186899e-03
-5.042934597125978691e-01
-4.880033558299388258e-03
-3.101471711666754349e-03
-1.381872399580961986e-03
-3.049498537951977981e-03
5.023465293590033687e-01
5.034165788295599242e-01
-3.587389504291121304e-03
6.278858085348399364e-03
5.316537063970548996e-03
9.960274499058563435e-01
-5.004085431767198947e-04
-1.235535862829708351e-03
5.022112665204213622e-01
-6.054784161427431005e-03
8.391925965123064879e-01
-4.966139135785680447e-01
-5.026855606319259318e-01
