2.100263215174284603e+00
1.001497092238225584e+00
2.037072724514338073e+00
1.003122248098339497e+00
1.002320823216477530e+00
1.909468715118385784e+00
1.001889123797714332e+00
2.131925872272908418e+00
2.073247996154865103e+00
1.000522196346822712e+00
2.155061900958986421e+00
1.000271093016738000e+00
5.021256723066193750e+00
9.967499084589618308e-01
9.992356946658030870e-01
2.090706480981797455e+00
2.023283260515852611e+00
3.932111754775358570e+00
2.173115165092032619e+00
1.955212410570668302e+00
